
date: 2023-03-22T21:50:51.448514800, method: showHelp
date: 2023-03-22T21:51:01.217198500, method: create
date: 2023-03-22T21:51:14.807200500, method: create